function mpc = RTS96

%%%%%%%%%%%%%%%%%%%%%%%%%%%%%%% RTS 96 Test Case %%%%%%%%%%%%%%%%%%%%%%%%%%%%%%%
%% By : Clayton Barrows, Ali Ehlen, Matt O Connell, and Dheepak Krishnamurthy %%
%%%%%%%%%%%%%%%%%%%%%%%%%%%%%%%%%%%%%%%%%%%%%%%%%%%%%%%%%%%%%%%%%%%%%%%%%%%%%%%%

mpc.version = '2';
mpc.baseMVA = 100.0;

%% area data
% area refbus
mpc.areas = [
    1    101;
    2    201;
    3    301;
        ];

%% bus data
%	bus_i	type	Pd	Qd	Gs	Bs	area	Vm	Va	baseKV	zone	Vmax	Vmin
mpc.bus = [
	101	2	108.0	22.0	0.0	0.0	11.0	nan	nan	138.0	11.0	1.05	0.95
	102	2	97.0	20.0	0.0	0.0	11.0	nan	nan	138.0	12.0	1.05	0.95
	103	1	180.0	37.0	0.0	0.0	11.0	nan	nan	138.0	11.0	1.05	0.95
	104	1	74.0	15.0	0.0	0.0	11.0	nan	nan	138.0	11.0	1.05	0.95
	105	1	71.0	14.0	0.0	0.0	11.0	nan	nan	138.0	11.0	1.05	0.95
	106	1	136.0	28.0	0.0	1.0	11.0	nan	nan	138.0	12.0	1.05	0.95
	107	2	125.0	25.0	0.0	0.0	11.0	nan	nan	138.0	12.0	1.05	0.95
	108	1	171.0	35.0	0.0	0.0	11.0	nan	nan	138.0	12.0	1.05	0.95
	109	1	175.0	36.0	0.0	0.0	11.0	nan	nan	138.0	13.0	1.05	0.95
	110	1	195.0	40.0	0.0	0.0	11.0	nan	nan	138.0	13.0	1.05	0.95
	111	1	0.0	0.0	0.0	0.0	11.0	nan	nan	230.0	13.0	1.05	0.95
	112	1	0.0	0.0	0.0	0.0	11.0	nan	nan	230.0	13.0	1.05	0.95
	113	3	265.0	54.0	0.0	0.0	12.0	nan	nan	230.0	14.0	1.05	0.95
	114	2	194.0	39.0	0.0	0.0	12.0	nan	nan	230.0	16.0	1.05	0.95
	115	2	317.0	64.0	0.0	0.0	12.0	nan	nan	230.0	16.0	1.05	0.95
	116	2	100.0	20.0	0.0	0.0	12.0	nan	nan	230.0	16.0	1.05	0.95
	117	1	0.0	0.0	0.0	0.0	12.0	nan	nan	230.0	17.0	1.05	0.95
	118	2	333.0	68.0	0.0	0.0	12.0	nan	nan	230.0	17.0	1.05	0.95
	119	1	181.0	37.0	0.0	0.0	12.0	nan	nan	230.0	15.0	1.05	0.95
	120	1	128.0	26.0	0.0	0.0	12.0	nan	nan	230.0	15.0	1.05	0.95
	121	2	0.0	0.0	0.0	0.0	12.0	nan	nan	230.0	17.0	1.05	0.95
	122	2	0.0	0.0	0.0	0.0	12.0	nan	nan	230.0	17.0	1.05	0.95
	123	2	0.0	0.0	0.0	0.0	12.0	nan	nan	230.0	15.0	1.05	0.95
	124	1	0.0	0.0	0.0	0.0	12.0	nan	nan	230.0	16.0	1.05	0.95
	201	2	108.0	22.0	0.0	0.0	21.0	nan	nan	138.0	21.0	1.05	0.95
	202	2	97.0	20.0	0.0	0.0	21.0	nan	nan	138.0	22.0	1.05	0.95
	203	1	180.0	37.0	0.0	0.0	21.0	nan	nan	138.0	21.0	1.05	0.95
	204	1	74.0	15.0	0.0	0.0	21.0	nan	nan	138.0	21.0	1.05	0.95
	205	1	71.0	14.0	0.0	0.0	21.0	nan	nan	138.0	21.0	1.05	0.95
	206	1	136.0	28.0	0.0	1.0	21.0	nan	nan	138.0	22.0	1.05	0.95
	207	2	125.0	25.0	0.0	0.0	21.0	nan	nan	138.0	22.0	1.05	0.95
	208	1	171.0	35.0	0.0	0.0	21.0	nan	nan	138.0	22.0	1.05	0.95
	209	1	175.0	36.0	0.0	0.0	21.0	nan	nan	138.0	23.0	1.05	0.95
	210	1	195.0	40.0	0.0	0.0	21.0	nan	nan	138.0	23.0	1.05	0.95
	211	1	0.0	0.0	0.0	0.0	21.0	nan	nan	230.0	23.0	1.05	0.95
	212	1	0.0	0.0	0.0	0.0	21.0	nan	nan	230.0	23.0	1.05	0.95
	213	2	265.0	54.0	0.0	0.0	22.0	nan	nan	230.0	24.0	1.05	0.95
	214	2	194.0	39.0	0.0	0.0	22.0	nan	nan	230.0	26.0	1.05	0.95
	215	2	317.0	64.0	0.0	0.0	22.0	nan	nan	230.0	26.0	1.05	0.95
	216	2	100.0	20.0	0.0	0.0	22.0	nan	nan	230.0	26.0	1.05	0.95
	217	1	0.0	0.0	0.0	0.0	22.0	nan	nan	230.0	27.0	1.05	0.95
	218	2	333.0	68.0	0.0	0.0	22.0	nan	nan	230.0	27.0	1.05	0.95
	219	1	181.0	37.0	0.0	0.0	22.0	nan	nan	230.0	25.0	1.05	0.95
	220	1	128.0	26.0	0.0	0.0	22.0	nan	nan	230.0	25.0	1.05	0.95
	221	2	0.0	0.0	0.0	0.0	22.0	nan	nan	230.0	27.0	1.05	0.95
	222	2	0.0	0.0	0.0	0.0	22.0	nan	nan	230.0	27.0	1.05	0.95
	223	2	0.0	0.0	0.0	0.0	22.0	nan	nan	230.0	25.0	1.05	0.95
	224	1	0.0	0.0	0.0	0.0	22.0	nan	nan	230.0	26.0	1.05	0.95
	301	2	108.0	22.0	0.0	0.0	31.0	nan	nan	138.0	31.0	1.05	0.95
	302	2	97.0	20.0	0.0	0.0	31.0	nan	nan	138.0	32.0	1.05	0.95
	303	1	180.0	37.0	0.0	0.0	31.0	nan	nan	138.0	31.0	1.05	0.95
	304	1	74.0	15.0	0.0	0.0	31.0	nan	nan	138.0	31.0	1.05	0.95
	305	1	71.0	14.0	0.0	0.0	31.0	nan	nan	138.0	31.0	1.05	0.95
	306	1	136.0	28.0	0.0	1.0	31.0	nan	nan	138.0	32.0	1.05	0.95
	307	2	125.0	25.0	0.0	0.0	31.0	nan	nan	138.0	32.0	1.05	0.95
	308	1	171.0	35.0	0.0	0.0	31.0	nan	nan	138.0	32.0	1.05	0.95
	309	1	175.0	36.0	0.0	0.0	31.0	nan	nan	138.0	33.0	1.05	0.95
	310	1	195.0	40.0	0.0	0.0	31.0	nan	nan	138.0	33.0	1.05	0.95
	311	1	0.0	0.0	0.0	0.0	31.0	nan	nan	230.0	33.0	1.05	0.95
	312	1	0.0	0.0	0.0	0.0	31.0	nan	nan	230.0	33.0	1.05	0.95
	313	2	265.0	54.0	0.0	0.0	32.0	nan	nan	230.0	34.0	1.05	0.95
	314	2	194.0	39.0	0.0	0.0	32.0	nan	nan	230.0	36.0	1.05	0.95
	315	2	317.0	64.0	0.0	0.0	32.0	nan	nan	230.0	36.0	1.05	0.95
	316	2	100.0	20.0	0.0	0.0	32.0	nan	nan	230.0	36.0	1.05	0.95
	317	1	0.0	0.0	0.0	0.0	32.0	nan	nan	230.0	37.0	1.05	0.95
	318	2	333.0	68.0	0.0	0.0	32.0	nan	nan	230.0	37.0	1.05	0.95
	319	1	181.0	37.0	0.0	0.0	32.0	nan	nan	230.0	35.0	1.05	0.95
	320	1	128.0	26.0	0.0	0.0	32.0	nan	nan	230.0	35.0	1.05	0.95
	321	2	0.0	0.0	0.0	0.0	32.0	nan	nan	230.0	37.0	1.05	0.95
	322	2	0.0	0.0	0.0	0.0	32.0	nan	nan	230.0	37.0	1.05	0.95
	323	2	0.0	0.0	0.0	0.0	32.0	nan	nan	230.0	35.0	1.05	0.95
	324	1	0.0	0.0	0.0	0.0	32.0	nan	nan	230.0	36.0	1.05	0.95
	325	1	0.0	0.0	0.0	0.0	32.0	nan	nan	230.0	35.0	1.05	0.95
];

%% generator data
%	bus	Pg	Qg	Qmax	Qmin	Vg	mBase	status	Pmax	Pmin	Pc1	Pc2	Qc1min	Qc1max	Qc2min	Qc2max	ramp_agc	ramp_10	ramp_30	ramp_q	apf
